2187
1543
1364
1952
255
1653
1853
972
209
906
717
309
1724
207
567
1959
1753
1568
837
228
1625
918
285
798
2018
1231
1088
834
476
860
1216
1696
349
1861
1423
2076
697
130
1838
1642
1126
1166
1735
928
1088
768
68
1494
881
274
1591
1183
686
53
653
1717
421
937
1609
134
911
831
2037
810
1958
1984
1852
1990
1577
619
2035
788
669
1179
2095
1697
1667
475
498
1469
1605
2184
2129
71
2000
148
899
1338
1924
1848
140
1812
1853
5
1396
442
1157
2015
1049
1508
110
1654
826
1940
1051
1453
859
1120
159
1063
1454
2046
492
1479
553
910
1793
698
813
2168
1045
1499
1312
123
1888
1534
970
1780
1977
1331
233
1518
1433
1304
1270
1144
908
1256
1269
1345
2077
1235
773
743
572
1724
942
1843
57
1769
1184
308
293
1069
1268
1563
1337
1955
945
375
884
1221
565
695
869
619
888
2126
2166
2049
1335
2120
1940
173
1391
1055
1414
1861
795
2001
1232
265
1223
1115
190
427
2169
1702
1148
942
197
1415
1277
1025
703
1758
751
1581
844
971
291
1726
790
1535
1216
1997
1897
129
1080
1707
1270
869
1784
1308
610
1928
1843
1417
195
1973
1544
894
177
1324
736
1359
1438
1496
1154
1974
740
1044
711
1721
1930
1886
1709
2118
329
557
1948
222
1732
2072
1936
34
1734
824
1449
1373
1241
58
1451
871
2122
1969
648
620
1562
1043
1667
111
448
2070
1141
1697
1614
923
425
1222
1443
511
1997
264
1030
393
406
485
273
458
702
969
201
1315
341
1926
2123
1064
607
1830
412
1437
397
983
177
821
1749
2137
964
607
141
590
183
148
685
169
2158
1587
919
421
1302
997
653
1081
1494
753
235
1307
328
134
320
1533
1648
838
16
1789
2059
1587
590
1040
1610
667
704
504
2145
1121
101
531
1456
2026
1897
1864
1689
1562
1038
472
1881
2064
755
1662
1735
679
1313
1363
2104
911
34
1056
1049
1574
1601
20
538
500
676
325
1000
1889
2176
1730
1723
1609
1513
132
1942
1567
718
265
350
1012
2077
2151
1033
1813
933
842
1758
1740
1721
2106
625
112
1727
1604
547
1875
1850
1615
363
139
1451
688
1565
1239
1975
182
2060
961
172
606
1138
778
205
571
158
864
1259
1081
694
1931
841
1335
1313
936
546
780
2038
6
1536
1438
253
985
231
1878
272
2053
1969
296
393
1534
1274
426
1032
1211
379
498
181
1705
1469
449
1658
335
71
1211
611
383
1383
1668
1248
1363
1611
1501
1664
463
2067
373
124
2001
610
444
1066
1450
1775
355
1078
1702
425
1493
780
2010
1991
1086
1221
1055
176
1614
2144
906
293
1365
651
631
1046
1338
1957
562
1700
457
1282
542
1545
1023
1507
1871
752
697
94
2042
1654
2016
912
947
171
672
346
1865
985
1551
285
1948
1653
74
372
158
736
1870
335
343
1658
2021
1073
614
1962
1953
1456
775
796
1390
1326
537
540
1400
2104
145
544
1573
1177
1777
457
1899
1663
1696
1709
1981
325
2035
1504
2099
1082
2005
1000
945
1132
665
617
1065
390
635
1766
273
1373
382
524
1564
319
40
16
206
1
1011
233
2031
257
164
2126
453
1538
587
1926
864
2153
700
365
1766
2053
259
176
1983
1251
717
73
1967
1206
1559
1611
171
1236
1443
419
908
1207
611
1174
1124
1276
369
1973
987
2162
553
147
411
1208
943
488
445
1935
1528
733
565
1899
1889
97
1225
1231
823
1222
805
1116
704
1394
903
1336
324
35
1276
1371
635
980
1077
1804
1779
9
1507
1924
2106
997
1610
23
817
1998
2099
1852
1138
1358
1052
404
629
843
435
1052
2001
935
564
400
350
1346
322
2051
733
1558
681
1026
1119
2113
486
1067
467
1540
1732
2177
2152
1280
1017
493
2064
1148
860
1770
327
2109
1336
165
659
1907
570
744
970
226
587
383
711
2137
1037
60
525
2044
1090
1546
1191
1035
1753
949
215
61
2012
1234
1950
558
1577
768
1262
692
842
772
921
222
1503
686
370
1559
777
381
951
164
1352
1558
1984
1583
614
777
1744
1371
1124
754
1144
2
44
484
848
248
698
2173
6
1282
286
1564
1563
1060
30
15
1024
715
1080
1022
2044
1791
2022
868
511
1450
1445
577
124
656
450
290
101
761
582
497
1920
1822
1751
507
85
1381
1629
751
1073
966
1959
804
455
1607
1835
1034
2108
836
1372
692
305
821
400
2157
1865
1288
1847
818
707
1750
1078
673
1793
394
434
1424
1701
1908
973
2122
1508
937
262
981
186
1380
1066
1116
2180
1324
1220
2128
555
569
826
822
302
917
168
132
1728
825
877
209
1750
829
117
485
749
434
951
1728
943
876
1736
1415
867
2070
439
1663
1051
966
2076
267
10
317
289
1797
198
1593
873
1074
2155
785
234
2101
837
319
1388
1648
1199
857
1405
452
297
1552
1845
1714
734
52
1906
217
1561
797
89
1064
1024
2
902
523
1015
1448
1381
623
1224
790
290
279
1713
697
841
341
655
963
381
185
1174
338
1077
74
706
599
1964
2003
740
2157
1491
655
1718
1688
798
933
1741
551
689
1399
959
871
705
1543
878
1067
1765
1319
1615
39
417
570
2158
929
2078
1366
1092
1977
36
1404
516
1409
2059
1496
1505
2119
2127
665
206
573
2001
1094
1082
2145
1075
1975
163
76
1990
1143
105
1012
973
1124
27
316
1886
627
1915
1872
654
183
1895
743
332
1179
1550
1552
617
1115
752
1480
279
1881
651
930
1472
2148
605
633
127
1829
2063
392
482
1277
422
1160
1770
1340
121
1028
715
642
657
573
1120
1152
746
1479
2148
1312
1729
359
1034
243
331
510
1288
396
1435
1
604
1035
1829
1442
1340
355
571
140
734
117
1171
1184
994
391
1290
1605
2135
1680
2114
1813
1307
1568
1931
935
2021
1161
843
1154
755
1268
1493
999
1925
884
776
1717
312
1299
153
1748
1601
1041
299
1555
1030
949
1366
887
344
1866
834
1075
1844
1481
1652
1957
2072
419
1786
688
173
1798
846
1818
2114
289
637
362
2039
1798
1306
1095
1437
1791
2160
219
1410
1285
784
762
778
532
1905
1286
1740
2020
1251
946
127
181
947
111
568
295
929
259
175
271
1141
372
1981
1083
677
2049
2060
188
1761
787
2113
845
1677
248
1300
559
1539
2135
2078
226
430
1310
501
1309
199
1668
346
1895
480
1896
1017
282
1048
1408
1581
1485
1988
1330
412
1736
1048
1152
1150
980
2026
912
507
20
2162
1901
572
2038
1038
1299
480
1826
1291
1925
623
378
787
1087
318
1255
40
2090
636
1223
957
1447
678
1800
1901
1701
30
518
1518
1124
1479
1226
451
1476
1847
781
540
254
1094
1800
706
1236
524
1130
1591
475
1761
687
509
1682
2152
695
784
1166
514
873
1171
1472
1330
510
1480
1020
1245
2063
542
897
776
1240
926
338
1269
897
1267
720
1255
1074
491
902
1068
739
362
1764
994
1961
277
645
1597
2134
1325
2004
1565
44
523
159
2111
851
870
1132
1775
754
847
936
868
257
1022
549
304
207
281
1208
14
1312
670
1135
1804
2107
1497
503
1782
382
440
1217
2015
496
1955
959
1344
1431
185
881
2020
1635
1124
1516
8
1325
1705
1678
1635
417
455
1442
2006
670
2000
459
497
1528
978
411
584
624
921
1652
370
1602
648
977
1448
1358
1248
1982
1556
672
1678
1476
627
2182
15
65
1952
1260
800
1812
1830
2143
316
1811
1673
1730
24
94
1302
1640
165
677
839
1177
1769
1741
555
274
458
175
889
1743
903
1828
1777
1501
1888
1396
987
1388
262
781
1540
503
235
236
2067
515
1084
1927
2179
1689
720
744
1551
28
562
254
61
589
1453
136
494
878
531
1004
1161
1782
1410
831
1044
922
1602
1219
1639
2155
496
1798
1744
1259
1345
1862
2151
128
1291
360
426
253
68
1037
1875
410
516
57
836
1731
2144
130
147
1780
1806
838
155
1316
214
1672
1613
1128
1936
236
1935
1622
223
345
1174
1845
1225
1634
199
1484
1475
444
223
379
1922
809
308
2006
333
725
817
785
1121
822
1734
1855
1143
632
286
1364
1797
946
866
1962
887
1273
568
678
494
2090
1478
1247
1272
564
491
484
1004
366
1898
1025
1286
1217
98
741
1961
919
1547
1749
847
556
2008
1020
1727
1265
271
2168
963
1319
1041
1826
1219
956
631
1949
971
636
1394
1597
718
145
2153
1998
889
2111
442
1205
430
195
518
1982
1574
1347
557
406
1915
1232
1806
1130
702
813
302
2169
359
366
1241
1491
2004
318
1699
1033
1447
2057
849
1404
676
1521
394
97
387
1937
1533
974
577
772
453
865
264
1513
1837
422
1220
673
1664
189
2180
2177
121
1640
2019
1386
1194
1372
360
1274
1811
1247
2175
82
567
1460
129
45
1919
1550
1844
403
465
1604
1627
375
1576
1140
2134
408
387
463
1622
1964
1746
2131
707
1354
2033
139
687
533
2095
2082
969
1538
427
2073
546
1359
1759
1765
805
1434
2014
73
527
2175
666
1862
928
1613
783
759
1365
243
1023
1377
1362
2176
796
1413
1040
1969
1751
857
1331
1950
1629
1460
851
1045
1855
1651
1424
1056
1195
98
1449
317
1346
1390
28
1278
1714
2075
1265
333
1556
363
94
163
974
1032
231
844
582
2062
1433
978
1413
456
1296
1083
1377
835
2109
343
527
2107
1344
1183
1546
786
1795
1084
155
545
463
1535
2127
2008
530
228
629
611
465
1234
703
1136
644
1504
746
1838
488
1086
1724
2073
214
1527
1011
1789
1571
1589
667
1070
1150
608
926
923
1759
544
234
2128
1383
322
922
1755
637
1561
1860
1928
122
1776
2160
1630
795
1589
378
2033
1160
304
907
907
1545
476
1021
392
267
1792
589
39
309
1700
761
4
810
1593
1514
217
373
895
1870
2163
201
1639
186
2163
35
1108
2129
1239
1125
435
569
277
1478
448
2123
1026
538
1060
1087
669
1835
2075
1256
972
105
440
659
1890
14
144
1497
824
1869
439
656
1140
1571
1273
198
1864
1157
1898
986
89
237
1509
1869
1484
1245
1673
839
244
1462
1949
725
1729
2005
894
1866
2057
835
532
657
514
1807
1983
604
2046
797
1092
1927
961
1434
171
666
662
452
445
642
1919
625
1908
2143
437
1194
459
709
1126
1724
1505
1828
463
1308
1509
9
482
1065
182
120
324
27
1405
1909
450
65
1240
895
1930
1967
1713
1712
1918
369
438
1699
1181
1368
1477
477
2039
5
408
2179
1860
1677
1108
2051
1795
1682
295
501
255
1656
2066
456
397
1316
1566
739
983
477
1850
662
1368
1707
855
403
1953
2062
500
1872
1958
1431
1101
58
608
1573
1481
1290
405
1606
1414
84
2022
1723
1555
611
405
1937
2016
809
1662
1095
122
888
312
281
925
593
1837
2066
1526
788
95
692
620
823
1567
658
188
25
45
654
2042
1119
95
658
1101
1337
918
876
1878
1235
515
1380
741
1907
2167
2037
141
1625
683
436
1068
1296
451
297
584
543
1125
612
1575
2181
1417
332
773
1920
2050
1063
1642
128
558
537
825
556
1672
314
1516
1399
509
2120
530
503
694
329
1278
291
866
1021
732
593
1195
1575
775
545
551
2065
1521
1312
1408
1304
1743
1445
144
981
1822
783
754
1205
1477
1309
1206
123
410
463
613
120
1606
189
1207
1680
685
547
1310
644
886
689
493
679
2119
705
1779
1527
1300
1472
1348
328
1348
504
1386
2184
255
1718
1043
1651
916
2003
1906
1576
1070
331
683
1539
2120
1748
964
76
153
85
1462
986
1499
1069
1260
215
1354
624
846
1746
915
349
930
549
172
23
29
877
559
314
1848
870
1942
1178
855
1400
52
1544
486
1391
956
2050
1974
438
82
2081
1712
1818
344
1351
806
1188
800
1583
404
1135
632
368
2012
1272
1676
1896
1326
24
2010
1034
412
525
1755
1285
925
1646
